649
283
266
122
963
344
376
112
708
459
433
687
250
859
491
749
488
444
121
523
582
616
672
191
793
440
79
461
868
324
724
291
46
414
872
842
126
847
657
709
207
428
17
410
902
42
860
738
106
589
973
125
927
641
814
468
155
867
986
604
188
265
792
786
987
110
422
666
924
815
846
271
906
742
158
644
101
296
120
874
457
731
996
577
309
779
541
767
97
831
316
725
950
895
965
150
398
623
654
780
869
536
29
838
470
516
358
901
508
677
300
817
757
465
378
406
427
163
466
74
983
916
586
295
556
387
598
78
858
794
762
926
3
643
936
35
36
851
784
132
535
881
424
942
861
714
26
904
436
511
545
910
620
688
522
166
809
262
435
10
915
823
707
131
912
162
702
70
246
750
803
769
168
439
260
383
68
356
614
642
627
711
698
253
618
396
37
833
77
955
801
244
552
167
733
448
329
656
840
251
554
366
304
441
613
542
667
736
170
726
261
205
712
277
960
409
111
458
747
638
421
771
520
114
743
298
495
105
359
30
184
806
100
979
519
239
661
647
546
345
693
674
315
33
220
870
306
524
619
50
245
231
555
967
483
340
134
947
380
501
871
59
303
534
124
285
391
65
892
777
39
139
159
562
165
898
578
997
8
903
152
891
443
866
781
472
401
22
897
917
374
768
506
62
680
531
988
438
532
431
756
179
229
397
174
196
445
682
209
149
333
137
182
509
332
583
40
336
128
41
558
763
88
223
187
400
727
243
977
446
938
703
269
118
6
181
765
828
164
107
510
4
360
592
185
270
451
172
981
636
318
990
227
420
880
706
595
221
802
669
675
710
945
395
372
411
841
129
219
347
140
836
180
93
855
692
876
753
758
24
130
590
476
748
574
683
974
99
943
352
740
515
369
585
961
84
948
751
962
392
894
489
206
686
405
460
437
959
839
275
587
160
330
430
865
559
119
856
201
83
932
234
452
827
844
572
95
764
390
203
195
690
13
499
28
133
189
346
716
198
116
597
225
608
929
721
525
933
34
615
123
312
342
381
310
183
161
797
995
15
568
484
117
694
232
655
766
208
746
469
61
939
256
773
782
38
47
730
600
971
637
418
278
200
634
192
953
367
384
67
885
518
331
972
980
550
970
594
413
601
153
429
171
573
1
115
646
544
86
148
635
327
526
64
320
138
264
317
279
907
776
297
547
737
791
233
370
741
242
964
691
837
388
254
338
449
45
576
999
890
426
143
249
599
307
434
909
625
48
319
760
704
913
368
416
713
186
212
447
621
795
665
985
824
308
389
76
71
255
911
57
617
940
471
575
432
835
211
43
393
274
450
419
27
53
18
282
819
442
289
473
284
263
493
81
528
982
952
949
464
240
299
729
146
0
292
176
502
248
51
720
454
173
235
341
503
80
944
673
994
864
423
652
966
199
462
941
175
832
798
719
561
660
273
63
645
377
663
633
517
228
919
883
857
560
863
109
505
507
475
993
156
453
745
609
826
978
521
301
365
490
918
886
321
302
770
408
715
584
728
631
530
628
16
91
215
879
829
681
204
210
19
951
456
504
984
557
335
361
60
957
500
25
722
328
700
804
878
699
785
177
293
355
651
226
190
371
82
12
135
875
678
147
662
968
512
976
31
202
417
399
72
818
705
364
807
850
920
697
169
696
778
382
796
991
404
954
571
280
467
624
845
351
386
56
241
154
882
596
247
670
379
565
958
193
498
492
238
55
326
679
629
685
816
305
630
591
783
800
848
735
92
480
923
314
14
496
354
513
854
32
539
136
956
98
482
267
258
311
548
755
533
900
527
998
684
412
141
580
537
214
810
363
353
825
732
612
775
213
593
602
821
852
567
563
820
218
611
610
603
931
718
485
759
66
237
486
605
375
455
144
178
349
739
650
281
640
569
873
73
701
581
69
772
11
481
830
538
96
323
257
103
236
790
607
937
723
935
689
896
487
362
834
322
216
313
2
553
992
540
394
294
529
914
44
20
90
813
754
899
659
230
272
632
89
54
290
478
402
348
564
222
626
479
7
889
94
5
787
884
494
425
85
843
104
108
551
286
579
113
268
570
862
648
811
287
822
812
664
350
676
194
908
474
744
989
969
343
407
151
385
49
477
946
653
622
259
734
905
339
21
276
930
127
588
774
549
9
102
337
975
606
717
805
403
877
788
928
566
658
925
145
849
893
808
58
922
463
671
142
761
695
357
497
197
415
325
789
75
87
888
334
224
752
23
668
921
543
52
639
217
514
934
887
853
373
288
799
157
252