7450
273
9550
4263
6463
6331
3621
448
8229
9575
3014
123
8782
4101
7756
893
6444
4804
7255
5237
449
5610
8028
6947
7550
3270
656
9028
2286
9506
3929
4267
8656
5349
9861
5046
9880
7990
1030
8988
5382
8472
3763
4728
4177
9278
8340
4597
9592
1548
3634
2337
2030
8375
6578
6137
8920
4123
4519
1484
7074
7337
1314
8439
7073
3302
2969
5752
7317
8721
4075
580
4486
3674
9805
7530
2187
4355
1423
8437
2401
6048
2562
2832
6942
4604
3778
9511
3591
3469
257
6233
3974
4983
7070
8653
463
5977
4891
9736
5056
2632
632
2066
5391
9630
9812
3679
652
1768
6849
6744
70
8422
9419
6639
6509
9638
1573
1144
6012
9933
9173
5833
8867
8627
8
2149
4337
1772
1021
8014
7628
7063
5505
4369
1087
261
9571
9230
236
8932
3076
3554
147
9825
1455
8458
9335
9793
9619
350
1193
9692
1543
2062
9953
2884
431
8536
4335
2125
88
9303
4142
6415
4541
8981
4450
992
1585
5485
8972
7562
9997
4654
1100
4329
3194
7043
5780
6565
3946
9290
6364
2989
7145
1674
6156
2660
9834
2310
566
8637
8040
9648
4466
3590
8916
9754
9310
9903
8392
5296
5125
9966
3885
2823
2966
5727
2953
6384
4567
8585
3900
1255
7002
9496
8699
6370
2372
3830
3110
5178
8187
4936
6164
8889
9668
8912
4855
5840
4376
6435
4837
2539
6586
9165
8671
7597
2296
3518
5739
9624
3235
7403
430
5037
6891
6575
2342
5477
9927
1080
305
6416
5431
6405
9957
4643
9222
8007
6515
974
7867
2242
2875
562
946
1396
3977
4124
3072
6391
9949
1804
9384
8257
8743
8227
7679
6803
6786
6818
5863
6467
9049
8410
7546
8423
9867
5908
7596
243
3986
1878
3861
5553
5709
6609
313
4224
9876
5176
6290
8680
1251
1020
9662
5198
5413
8114
8964
9943
8019
2857
9339
8478
9088
8700
3928
8547
5405
9720
760
4737
9877
1437
6305
4714
5444
6524
3794
5793
7857
2477
1367
2026
9779
546
9898
2057
4157
7860
7229
780
8280
188
7621
4716
777
3699
7861
9665
7535
9456
3790
8815
6714
9524
6921
4031
427
3241
4489
2196
5094
7772
9127
742
4834
5807
9043
9569
3021
1038
6372
8352
1333
4687
1634
1247
4053
1028
7047
5849
3061
1141
4349
4417
2355
475
3464
3771
1392
3808
3978
8217
3564
5117
2167
8176
1810
2329
3532
848
6288
9314
9748
5157
8183
3458
3265
4635
5753
5099
5591
3542
719
7690
8433
314
4545
2672
3065
4736
9477
1506
6231
5646
6521
8649
1590
1272
2176
961
645
5225
9523
7995
6836
6882
3122
7968
113
9914
1617
4955
2023
5884
4520
303
6708
3368
3078
7531
5516
1774
6149
3816
4306
9644
4072
6040
5901
1857
6813
3355
1336
4138
9089
7949
4155
7062
4652
7653
7115
3390
7068
8597
8586
1557
7826
7360
2794
6904
9095
9344
1463
6300
9730
8667
408
5817
1320
1026
6309
6341
8397
1901
2865
2445
6046
9530
7541
175
7026
5272
6481
6658
8804
5216
7157
7497
2531
182
4741
1618
5249
7945
8933
3529
224
1049
3812
4140
1639
4991
3269
8252
9724
5347
4055
5845
1864
5635
2553
425
6179
467
5824
1139
8839
9389
7417
2309
1358
2645
9556
2526
9090
7186
784
8610
2547
365
3106
3114
2389
6646
6650
6135
8261
8360
6104
2180
152
4051
321
5894
5945
6246
3177
294
8237
9178
3191
44
3006
7168
9969
7563
3802
5251
983
5289
4236
9512
487
1536
7387
6250
1195
9771
5644
3876
1424
4576
6257
1596
6972
5736
7687
6540
7745
62
2734
3988
3546
4041
8142
9649
4359
8026
9460
5147
7136
1210
3917
3066
9219
6193
1756
5129
3232
3787
3070
9263
7908
7899
2063
2593
8832
1297
9097
9916
5059
5821
1778
7783
6814
3737
5621
4197
3768
6869
7625
4141
1269
1692
9482
6186
7581
7321
5823
9983
8622
2554
2390
883
9311
1840
3045
692
953
4362
9684
2549
3394
3735
9674
8676
5014
638
6952
5324
7661
4048
6873
7471
4792
6315
2315
3655
5006
1936
1717
7793
8641
7313
3800
9264
6106
2351
6866
1776
5775
1535
4172
2915
739
3431
1064
6712
9322
1474
7997
7215
1382
7378
7882
8911
1605
6281
4947
5206
5312
8923
6935
8143
2163
8538
6652
3747
232
964
5401
5359
3894
9125
126
2021
9122
3819
9851
4182
1189
8567
4989
407
9200
33
3519
5881
6234
9059
3249
4299
4889
9346
1555
7264
1172
8503
2248
5279
2936
9628
8971
6570
3766
6857
4840
6275
2749
4250
1061
925
9316
7896
8255
6789
8741
2399
2354
3136
9423
7791
3007
8827
4021
8717
9137
9052
8756
6883
5535
6525
4682
5682
2266
4196
8973
2032
382
3770
3034
4692
7142
3422
3527
3569
2264
3593
4226
6694
8719
6719
836
588
2009
233
3935
7660
827
6421
5634
3851
6294
7950
4085
7909
9012
4074
7773
2956
7276
8822
872
9300
2642
4429
1084
6122
3313
4194
9022
3162
7590
1529
8731
6820
2050
5754
5387
3666
7616
7428
4014
9265
8468
4007
2528
5367
7510
8153
1984
6968
3276
6241
2988
4275
4987
5079
2235
7181
3868
3198
5269
6520
5480
8996
8635
4381
950
8565
2449
5161
2914
1867
6761
7518
4210
8012
2824
6700
4756
3140
3353
581
9256
4928
2887
1743
4431
8327
3635
8442
5649
7457
8188
2605
173
7336
4829
3650
1244
9276
2743
3411
9452
4984
6997
6146
1196
5469
7277
3423
5132
401
8131
7511
966
8366
4968
7287
1408
1703
466
2979
5937
189
6573
3534
2207
6379
3481
4003
7636
3859
6395
3359
7479
2165
7372
4149
6594
6711
7539
8127
9944
383
5708
3150
1852
991
3088
8572
8934
6181
8803
9294
736
3795
4460
2716
4033
1862
8457
7695
5361
7807
1343
9884
3395
4530
6551
1275
8496
6423
2544
8350
1096
2876
4272
1430
6910
1293
8952
6528
3118
9045
1227
3317
6684
468
6127
5940
9686
3633
366
3793
1664
6096
1033
159
8540
1763
165
5313
6593
9181
9282
3234
3905
2985
1183
5474
7148
5690
6474
2503
590
6950
972
4822
7302
5166
1374
137
7705
7472
776
6817
3957
6582
2104
5841
2519
5169
1146
5848
9504
1648
8289
3340
5457
5543
2700
1912
2777
5924
7757
1790
4895
2592
7806
2321
2623
641
5028
717
9291
2233
7272
4951
9226
634
1125
5637
6741
6747
1024
9214
2334
2084
4659
9495
4152
6999
9220
9481
6010
4412
9069
7033
3998
2609
532
3951
5722
6210
9333
2292
1646
6238
3991
8155
4086
3602
5435
4476
7248
4733
1861
5719
2373
6762
4302
9411
508
4179
9697
1037
3902
5802
2904
3421
5432
1650
5558
8534
9922
3151
2806
4697
7716
4115
2676
9784
6446
7030
5254
8269
2569
4203
3941
8805
7576
5943
986
5051
8991
9040
2538
576
892
9444
5704
9945
7253
878
6462
2889
4081
7399
5961
9907
9092
7300
8356
4134
7922
977
1334
8675
3321
4517
6862
3641
9286
4793
402
2454
8471
6075
7194
6171
8025
7275
221
2951
4327
858
7917
3782
6141
80
1130
4908
5112
4505
5274
6824
7249
5508
8664
4291
8359
2423
9259
7004
7951
388
1579
694
3357
7241
2295
7257
9664
680
2213
9099
7794
3213
4067
9528
7342
536
1068
4548
5035
6725
7484
984
149
5653
922
7923
9478
1288
5425
3247
6380
9863
5020
9521
8301
9947
6922
2345
913
5580
5197
7001
7460
9408
1492
4432
1415
4059
2597
3141
6903
3279
6396
1508
5766
461
10
2087
3889
220
5007
499
91
318
1953
9154
639
9260
143
9848
6844
9626
5918
6889
5743
1843
8723
903
7802
5985
9554
3457
6170
6920
7326
4500
8773
4001
944
6748
1836
3691
41
5449
134
6990
8749
9180
7629
2416
7620
2
208
4454
3416
9379
7401
9909
2096
9248
7392
4833
7128
8955
9904
9672
8110
9376
5832
5402
440
2784
8620
2535
1797
9280
565
4234
1636
370
5074
1209
8086
9632
899
5792
6501
8942
1879
8840
1908
4423
7846
3888
7624
4518
7284
9096
2097
8435
4113
3577
6936
4942
2083
2897
5726
5552
9340
9973
7315
2013
582
4588
8884
5606
5419
481
495
3762
3933
1248
6165
1751
5385
1970
2397
7260
1067
9752
2661
1873
5448
5173
9163
90
5447
9469
3701
4963
256
3996
3248
1381
9890
9715
3671
5106
6722
4044
7954
8642
2061
9238
4907
7613
9427
7238
2046
5120
1431
8681
9378
3493
796
7947
1099
1894
5229
5500
9756
2394
5842
7267
1252
6442
8878
6099
3881
7328
130
8783
1498
3718
8545
3019
790
9370
8141
9733
4704
8302
6208
5725
4861
6178
6937
643
4174
6842
6843
4002
3617
5809
4363
5271
3401
5819
8800
426
8584
2362
6568
4465
4017
801
5562
7318
5859
8944
6273
4401
9583
4997
9844
2940
3843
1302
4245
658
5517
3092
1827
7371
7755
3041
1409
4827
9967
8899
5789
7602
7301
3583
6905
112
8465
6353
214
2269
8801
6293
2954
9631
1307
9422
9582
251
2957
5369
5001
2053
8544
1676
6121
1860
2809
6973
4810
620
963
9901
6346
2029
6607
8162
9065
2024
4816
831
7171
731
3363
3626
3460
7816
7468
1820
6634
74
8871
5049
3887
3703
9174
9985
8349
6618
4400
5122
4525
6110
1968
1005
9119
774
3625
6816
2186
5454
8109
5980
8766
6247
5685
9740
217
4474
9572
3789
1675
2033
2500
7570
3683
4304
5226
4077
5256
2357
1990
9955
7109
9138
8894
9262
1526
9539
6086
8291
2065
2727
242
3020
9804
7533
4529
7979
6211
1077
3178
5399
8807
66
9186
8093
4239
6328
4843
8197
8135
465
378
4795
797
2259
4865
4240
661
681
1052
2796
9713
3662
3806
6239
2441
2089
2161
3412
397
8752
7517
52
7086
6769
5190
2511
9245
3271
5236
8576
4446
9093
6276
7824
847
5852
5164
1009
4453
7642
9039
1116
9623
7183
1967
2177
2765
2267
1816
2075
9689
8956
2002
5844
905
8330
4845
8474
834
9725
5855
909
8928
2379
1584
4069
1163
7208
2613
7375
3005
3619
8785
8082
2959
9828
9726
3284
7569
8598
1124
5913
441
4242
49
8546
4189
8887
1117
6648
1640
8171
40
6130
7887
7354
4611
3157
4333
9900
599
351
5734
6177
4258
2759
392
7610
9083
2633
8872
3883
2471
1877
4856
1913
4815
9204
4801
4207
1733
1276
345
5997
9062
8231
2479
3172
9680
6439
568
7164
9031
6982
1347
320
4770
337
4731
8274
822
9858
9463
4469
8080
9402
4251
9835
8847
1898
472
1851
9450
9846
4246
9105
7606
1023
225
8738
9302
7707
6667
3897
2202
2847
571
1472
5705
7048
8809
4784
7159
4851
1958
6434
1791
9415
5167
4746
1152
7335
6765
5217
3804
5295
1775
7822
7482
6508
5639
9343
7054
7966
238
8751
3600
8463
5900
9236
4342
76
3864
6502
6879
5668
1711
8312
6189
9371
7101
2695
3562
6064
7696
2412
6312
3210
864
9821
6114
732
6821
4884
4975
3316
3730
9711
6971
6240
3215
7433
9790
6138
415
4689
5139
4444
8009
1444
150
1010
9440
1923
1006
2541
4540
4539
9091
9305
7477
116
9337
8949
7815
7005
4658
2736
806
8402
7865
8910
460
5005
4923
4531
5906
8875
7263
5502
8777
9682
4399
5963
7279
1168
2263
2238
1025
6174
5054
4622
6924
8459
7390
1896
1131
3654
7266
2774
900
8786
7998
3341
7693
7837
6784
578
7376
3036
2152
141
4095
6680
7702
1846
2188
7018
8515
5078
5168
3984
1395
7237
9107
7790
1507
636
8341
2582
7014
325
873
1503
3866
5392
8286
8570
8616
8420
5095
1246
1938
171
3774
3545
4351
7722
783
9902
4776
2348
9252
9984
5955
4358
948
391
3639
888
4897
3203
7324
5142
6089
9527
3867
2082
8118
3204
5252
6703
2921
5064
2760
4721
2551
1727
9503
1761
367
9992
861
7893
4154
5052
6068
8323
2701
2034
7526
1754
9176
8754
5728
8930
2274
6382
6539
7906
4583
6556
3179
759
5345
4775
86
938
9289
110
2118
2339
4347
5418
2312
7498
5778
8987
4625
9079
5445
3365
6631
4964
4022
2595
245
246
404
6357
3904
842
9051
4281
2520
6345
109
1766
4056
6808
3769
3571
7169
4767
4596
608
8399
988
5154
6555
3676
9007
3667
8886
7299
6557
4036
9501
4496
7680
5088
4871
3882
9410
6411
6261
2305
2944
755
5850
6958
3500
4924
601
7340
2228
7568
9621
3131
8957
2643
607
2271
3373
6876
132
9392
5534
5394
9485
5827
4787
7021
7034
3220
5390
7650
3221
2816
7926
4780
2154
7125
8383
6018
743
94
1789
4426
6291
748
4893
7657
4526
9458
5378
9473
2435
6745
277
3759
4262
4491
2845
7591
4586
1599
423
1658
2465
1035
6144
4882
9836
9132
3229
9952
5991
3985
5281
5194
5504
2116
9153
8657
3380
7346
3657
4683
1349
9373
1403
2788
5710
8578
9465
4311
3219
6692
5531
8246
844
5548
2001
3187
5751
3706
2939
6085
8876
9931
5143
5298
3823
5374
5905
7364
3749
6729
9873
2568
2778
7658
2829
7187
2146
5584
8582
4046
7111
368
9241
2931
2513
9027
4348
821
8778
9613
3193
158
3628
6440
747
2012
2971
8371
8593
2628
2237
9446
5428
5114
1179
3860
9075
4747
6223
8826
2229
8729
2861
8609
1477
535
8258
7127
9954
9191
7079
7937
2698
2405
2085
6642
5519
3869
79
4131
998
8497
4288
2117
5699
4162
6847
4484
5484
6661
4011
4636
3086
3130
655
3841
5590
4509
6267
8535
7106
885
3377
6458
6051
7099
4139
338
180
8893
5915
83
8358
36
7692
7107
1705
931
9635
5282
879
4806
5189
1133
8918
4039
9968
6827
6203
46
4117
4013
1173
9920
8851
9279
4498
5779
166
1433
218
4725
707
2880
1148
9829
9768
9395
7451
2211
2709
8836
1547
269
7124
1736
5735
9141
3281
765
1330
9355
1670
437
1741
2849
5092
2011
2699
8362
4308
9435
7202
8984
8482
7087
361
4108
2667
5839
3167
1556
6830
8265
3575
7137
9459
7366
6480
4151
9735
4959
8126
2963
3407
678
266
3734
3155
9442
586
2636
6572
5096
5029
5137
8169
5643
792
9100
2054
3725
7462
1454
1903
4430
2590
1154
3596
881
6688
200
1716
8017
5422
7413
3430
8686
7918
4848
637
5540
4483
3294
1560
7475
9696
6738
4956
4009
7542
2848
1578
9085
4283
506
2174
3224
6787
219
3291
3524
2620
4883
5304
5525
7093
2387
8368
8244
8549
8715
4479
4330
930
2640
4738
860
8405
2252
2052
8179
7184
9349
1317
4394
2192
613
3275
1280
4754
8837
5732
3308
3835
8647
5785
1963
5031
6065
3434
1611
5658
5883
162
3133
6069
6944
3726
4361
6496
474
7508
3552
5607
8703
1647
5788
3682
5115
3884
3865
2051
9570
890
322
1488
1065
2028
1447
6802
3613
3199
3180
8975
9136
720
1541
2199
2480
8977
7286
8266
9899
3987
6182
8514
791
1092
447
9168
9595
7841
5919
8102
5420
4701
1229
3680
1479
3535
9332
3603
8661
1442
7117
9147
8374
665
3531
8357
6507
5259
231
4571
384
5183
921
1602
726
5808
5760
3930
6867
750
7637
2933
450
4672
2070
5247
357
8053
9747
3094
2489
3231
9270
6696
5063
3293
1568
6378
3160
4006
2514
9669
8186
4839
2418
1422
8315
1845
5547
4411
8085
1312
2438
5045
9777
626
2838
1353
199
3717
7821
7839
2108
5332
3009
6676
1348
9211
8306
4723
1466
628
8222
5957
3408
7609
8707
9940
5776
2729
6933
7231
7015
249
8592
4702
9972
6728
87
5322
5044
9581
7170
5784
4208
1465
6994
6900
8320
7552
2826
3919
4774
9885
5032
6932
3486
8808
2906
4788
5812
924
6695
6888
5136
5360
616
6441
5567
7197
5679
2934
6946
9760
718
9441
100
6549
9766
4264
5320
6158
258
65
2328
701
8372
4905
167
4219
5676
1734
9042
5578
2422
3362
6604
2842
9705
7931
7188
2714
9461
2151
2466
3392
5148
6417
7349
7544
8823
9737
1559
6567
9855
156
5355
184
5460
2101
6139
452
5113
2170
5549
3024
5979
4148
1800
6260
493
9385
1977
6368
7414
280
710
7156
9426
8550
9351
837
6809
2747
5156
1669
3555
5642
1729
8193
4614
9601
6279
8106
4386
1987
4421
2627
1869
7871
9658
8842
8922
7035
3677
799
2691
6961
6314
7060
9229
2047
569
1331
884
6788
8226
2376
8030
7943
4894
2227
9712
8818
4630
4678
6941
2156
2010
5352
4613
438
3732
5561
2460
4354
2918
8485
5696
8213
8962
4187
8757
3253
6409
8617
1157
9574
4786
3499
3096
2674
4093
5455
5223
3594
3632
5108
8517
9854
1841
7149
2558
8623
3922
6381
8796
725
1185
6197
9016
2169
4373
444
8558
1956
5184
5004
5795
178
8003
3913
9675
4988
9331
8326
5426
8247
7919
8078
9116
5691
646
7077
7864
9275
7178
8431
3181
5434
2992
560
3453
1524
4071
285
1663
2929
68
9044
5238
8214
7322
6863
6413
1265
4772
7965
4609
7027
312
8293
813
9267
9021
2072
1981
3098
6449
6640
7350
2917
1885
6318
9150
6828
7599
9963
8189
4561
614
1961
252
1225
4104
3952
4761
9453
558
6466
9467
89
811
1226
5619
8806
1379
5623
3332
2304
1785
3101
2662
889
2737
2279
5186
5987
4424
1097
4872
1784
6140
2007
9002
435
9584
8895
3309
5880
7294
4050
3218
6006
8010
2942
9767
5518
6632
6730
1199
9827
3282
7146
9128
2785
5000
5703
9717
2983
4406
9518
7594
6052
4122
746
537
6783
2664
6909
3511
868
4100
6266
7641
4699
3075
1369
810
4637
5672
7474
9206
1884
647
2509
5681
6519
244
6579
4782
7192
2684
9881
4919
3474
1537
1111
3504
4317
3502
1036
5701
7789
3627
82
9462
2680
7355
6602
4296
3944
6794
2586
7424
3023
9908
7741
4167
8577
4382
1904
3102
4066
1696
4356
7114
3398
828
9102
2973
1093
7206
7799
9709
8447
4321
6563
1704
3296
8625
7319
5638
1892
7589
1633
1198
3681
3937
2078
1132
5717
9167
6410
8448
7827
8192
7044
957
6683
8526
8771
9326
5733
3067
3255
3526
4885
4971
1066
7760
4990
7771
1428
2490
2793
1824
9437
7483
8208
4677
9633
2367
1048
3445
1499
9585
8946
5429
6670
9926
4681
6806
1700
7744
1363
1653
1821
3741
8562
2782
2285
4165
4089
2608
5678
5888
5810
1233
5220
6143
51
7370
6832
3300
3188
8768
840
5586
667
915
6377
2555
6425
1739
5654
8212
5575
2837
5337
4846
5291
7316
4718
4633
418
2025
3258
2246
9135
3470
8921
4868
1016
1322
9319
1011
1818
3349
8149
9082
8233
4685
5496
4534
2421
1485
1274
9946
592
8990
2497
4471
1018
8639
7496
3973
9329
4680
5616
5495
9936
507
1983
5328
3196
4789
8873
2446
3880
4111
4874
505
432
4996
6943
316
6361
7353
5971
3347
7971
8089
5203
4998
9160
543
4560
7797
477
4043
6790
5675
612
2115
9399
8095
4323
9491
3266
4343
2916
530
9707
6766
3503
6455
2206
6284
926
5964
8218
5846
3788
9121
651
8745
1887
3240
3525
139
4631
9520
1073
9212
1004
8055
9874
6042
9342
1707
6479
9505
6002
3238
4334
541
129
473
4284
8310
5982
553
7988
3962
6718
2935
4620
6066
4125
1107
4852
2470
7039
6299
2498
421
4353
6
3931
2158
6317
1378
5545
7763
5105
5057
8041
1735
1469
8665
8400
6436
1126
6270
1678
7509
5316
8134
4420
5976
676
4168
4974
7412
6768
5459
5896
4186
5346
2004
3058
9215
2469
727
120
5954
1050
2858
2261
9722
5992
5956
3329
6283
5258
3324
163
5336
8527
8430
2630
3370
3295
7960
4473
5878
764
4835
5763
8415
9471
7792
1839
778
7847
1943
4054
4986
462
8919
4911
5659
8046
969
5030
3733
9905
4163
3387
9255
3924
7715
7938
1834
4248
1539
9071
8128
1371
8594
2669
9935
9886
8571
1794
5423
4404
7438
8989
7083
2245
3659
2964
8353
2758
428
2919
2109
1883
4339
5693
4626
8925
4062
4447
7884
9387
2561
6360
5083
1277
8799
6894
7752
3549
6831
9490
2410
3237
342
1607
8874
6833
5885
1094
1493
1988
204
6978
5716
9822
1625
4120
855
4259
27
3186
7774
4624
6301
1515
7121
2908
5598
825
1201
2770
3805
2128
3090
7527
6477
7344
5692
7405
547
6053
8232
2105
2648
2522
2841
1801
8454
3222
795
9597
9870
9199
9614
4556
5487
6896
9654
9273
2570
9719
4147
8854
1645
4766
4508
7834
4458
4739
8203
9895
9169
8659
7076
7605
3777
8828
8367
6254
4814
1298
6752
2439
4166
174
4220
3877
1019
2515
8015
1909
202
8204
520
494
4660
8931
4521
7246
8445
5023
4422
145
5494
8225
9950
723
8174
2022
1109
786
897
1448
6491
4858
869
5082
7396
2289
8298
3824
29
4396
1918
453
8351
5040
600
6322
4758
1635
187
2510
6585
1122
2406
8361
9529
5121
9307
5542
5711
2560
1486
9573
3551
7024
8902
8051
6610
7309
4870
215
4341
9146
8963
3878
8551
627
1569
3310
4000
3428
1942
6599
1594
369
9591
2110
7406
1413
3272
6530
1253
515
1082
1628
9663
4492
7447
324
331
6868
7256
1434
5111
9352
1359
9533
9034
4838
955
2839
8694
8710
1058
8277
1362
8498
7339
8412
6819
7385
7167
5663
4538
1376
4028
9424
4437
859
8491
9109
9994
735
191
6013
4184
8900
9847
1335
3156
2909
2972
9852
9020
8537
7227
4980
2894
999
1643
9106
3208
815
4107
4940
4729
7676
5310
9516
648
6773
6837
832
3580
6168
2896
6333
5377
7524
8054
4087
1056
2208
3692
7666
5626
7946
5245
6898
183
2485
3303
6176
4916
8645
6987
5338
8865
7832
1110
2499
2888
8113
6214
4915
239
9197
934
9404
9781
3227
4216
9783
7781
9549
5131
6339
7942
1301
6192
6865
3305
6347
7742
7465
2572
4794
3686
7775
2378
4912
1495
2900
1630
8070
4170
2380
8501
3960
1600
1679
5091
6326
6815
4199
4324
9472
4344
7572
1316
5572
229
5522
6665
6026
1404
5372
6047
1015
6153
4887
333
5483
5195
304
5746
1088
7540
2346
6620
2746
1964
2877
4218
9862
3483
6365
4260
4269
6616
6853
5152
7592
1706
4768
7819
492
7163
4378
3826
5384
5520
2036
7720
4319
9615
1586
996
7418
6911
1165
1959
6161
699
7379
1217
6513
2239
594
4627
7586
7244
1523
4673
1615
6489
299
8243
7071
5611
5110
7010
5288
1757
6287
28
3097
7999
619
1974
264
9561
8105
1306
9866
8139
3911
6656
498
4869
7173
5025
1171
1808
8748
160
7
3485
9698
6175
8446
4232
1044
8654
8238
7881
185
4472
7521
2323
5917
8906
8256
6623
5811
6664
8907
6422
4276
4920
3105
3920
7670
2236
490
376
347
5866
9430
8283
1769
1426
7103
7967
8755
2571
8737
9164
6429
3074
1838
5248
544
5068
3721
7434
4159
1606
1439
5714
9013
4012
672
228
4215
4238
26
1948
3246
5292
3597
4585
2527
9380
9177
5618
9019
1610
3189
4493
3301
6927
7081
9841
9110
4892
5323
1581
8979
8524
1960
6043
724
6778
5430
7363
8511
979
5319
9123
1595
7849
1420
7343
6877
6644
3874
2585
4640
2982
1194
4193
1505
9249
81
6606
7500
4127
8148
9587
7970
5441
5889
5767
7296
7567
6019
1915
2386
7804
9299
3060
9996
2171
6760
8334
8057
2048
3714
9327
2872
6485
3376
4550
8325
4338
4096
3656
947
7840
5325
4487
4642
3283
4752
2106
787
2997
5232
6336
2461
9625
621
2803
3896
4475
1932
7983
3119
2300
1140
4313
9761
4929
5465
9941
3756
3087
2563
6100
3574
5608
749
7373
2687
3333
4743
770
7514
5162
7944
9386
2249
4656
2508
9438
7056
1637
5759
4668
4960
8860
8296
9377
3148
8726
9213
5620
3331
2801
6014
4812
7037
8579
5233
9179
3447
7795
400
1337
5929
1287
9448
7016
4753
5175
2433
9139
2474
5250
1070
4082
7242
7932
227
6198
4310
9706
518
3630
9048
6608
4945
3405
3475
5526
8781
7876
4441
2272
3821
5706
6482
9101
4664
8117
6407
9205
8337
210
5876
3200
128
9035
3612
2821
7575
9507
8384
4941
9832
7820
4553
6034
1332
3543
8043
8490
3517
484
9493
4047
375
8069
1174
6201
1440
6798
1421
6431
4727
1039
9375
6248
6624
7216
3138
1925
1897
5694
1893
1303
2417
2147
6742
2984
2996
5523
6589
9670
67
898
7448
6526
124
1550
1263
196
7964
9989
9921
2932
2776
4568
5042
1123
3027
5018
5645
2799
4674
8697
2440
6400
5825
1631
3615
9494
5265
8849
1112
6957
439
1719
5869
1242
4038
5348
6912
4018
4730
7023
8774
5747
7977
3558
486
7686
3834
9037
8272
1497
8669
1042
9350
3348
7426
8495
3129
3030
2008
5737
1119
5397
711
2335
9239
2639
9293
9011
4798
9010
6635
8890
8004
1632
3939
6767
5596
9710
3702
8896
4024
7665
3016
8170
3520
9068
138
6215
5104
1232
5376
3727
510
2358
5468
3081
4662
2455
3557
8633
9225
8529
9242
4881
4156
2244
389
2131
6428
4191
526
6173
8328
7200
9611
4065
4873
7801
2442
2456
5124
8618
6931
8947
3715
7611
8856
7506
7144
2462
2018
8060
6926
7499
2965
8770
1814
5721
1726
9489
5544
8079
6363
1121
5539
3589
237
685
2731
2607
5864
8998
6004
5680
1709
5026
4979
3925
789
2079
3783
2331
6155
3391
9466
2948
4605
3969
8606
4091
374
9104
7491
5061
8145
1387
1629
5872
4847
2682
289
5204
4933
4582
3622
6955
8456
2129
3685
5689
2603
5010
9547
9629
5107
9050
6976
6373
5209
5902
2738
8466
6447
6724
2419
4282
106
6625
1002
9158
3854
47
6107
5071
4634
1731
2407
1665
5205
1514
1075
6224
7617
2855
7817
5815
4590
1712
4826
6617
7972
8147
6792
6285
3374
1622
2616
8050
9887
5073
5305
9652
2506
2298
9317
3002
6503
377
151
6545
6804
265
3949
8929
3510
606
3560
5867
8408
2882
4543
3909
8821
753
2850
1295
8516
8677
4495
6167
259
8704
4707
4603
3059
1147
8403
5799
8945
13
3473
6774
4896
2905
5146
4601
6672
8560
3745
405
509
3711
9788
3285
7769
6595
4709
3537
1900
5155
3091
6469
5814
2707
4938
3553
5988
8164
7218
6057
2288
4688
485
2741
9778
1552
5770
5246
6956
7172
284
8611
1313
7199
6880
7075
8077
6823
6196
2930
1203
6709
3476
4972
6801
5102
1377
1487
7985
8601
2856
7139
602
6860
5887
5933
4040
9660
5926
8045
3351
4999
2299
6807
8284
7046
1773
3696
8253
7232
2290
8541
9445
3037
9560
9277
5462
4832
902
772
9641
2181
5868
4799
3134
2745
1917
8112
2836
3338
2920
660
9072
6292
9883
686
9850
5589
4645
9036
8660
8690
7934
3404
3158
3561
7962
6636
2091
6731
4890
4841
7776
2980
598
8628
1866
3029
1688
38
7061
8354
4408
6791
9645
9589
7564
3684
4898
8018
2718
5787
8083
9586
1624
2222
8864
6583
6992
2752
7444
5947
8908
6289
6217
4691
4387
7633
3393
3173
1952
16
8115
9084
2941
2124
9366
633
542
8484
2878
7528
4297
1831
3811
3497
298
1500
8150
1588
6918
3847
9510
7767
6194
4045
9196
8201
1429
2205
8489
1445
1787
205
527
9131
9228
5892
6157
3740
516
8898
8591
940
3954
826
8750
3678
2133
5834
4200
9577
3751
2254
2341
97
9216
5100
7584
7929
8124
9553
6564
2655
1937
4010
3354
7295
7154
8494
3765
2478
2225
9580
9830
9535
3757
8753
3672
8548
7096
7725
1438
6785
1662
8029
7032
3318
4853
1000
3132
2885
6668
2145
8313
7132
3427
4632
7153
3563
1342
7523
642
5181
8903
4555
7118
9433
9475
3382
8555
8146
8980
2950
5594
3112
18
4325
6258
2717
3042
9620
6044
343
3010
3264
3498
9612
3893
6834
4978
4820
2415
8960
7668
8336
2654
5563
856
7422
39
9285
2955
4962
206
3015
1256
910
5715
8626
8116
1249
2058
6675
939
9369
3567
9634
4925
766
5329
6039
6780
2482
3287
247
248
4621
5568
3915
223
3113
4580
9990
7662
2706
2879
2349
7685
7052
7008
2754
8200
7956
3233
3137
8939
9454
5470
6975
1710
443
6027
9604
2476
1231
9414
6758
1848
4828
1950
4818
2820
458
1001
7573
9744
157
6679
5729
6835
6939
2343
1224
9388
5666
2653
3290
1187
3071
589
4703
2450
3923
1571
72
2463
8917
3243
3950
9484
1180
4797
3492
3760
7730
9739
8561
3754
8264
7836
4552
867
3538
7150
7973
9120
3810
5781
525
300
8267
751
4231
6899
3940
6755
5130
8074
9364
155
7377
5467
5533
3713
4751
197
1258
8268
3439
1764
1192
1501
2735
1542
1468
2064
2044
6243
812
7469
2624
4478
5667
7689
9201
7252
3912
6699
1553
7453
8001
4740
914
9892
6460
4808
4467
8810
9357
8052
6901
1324
8853
1758
19
9806
7734
2600
6504
1644
362
1895
4316
1715
1418
3643
6979
399
93
2733
6457
7992
1339
6011
9986
7310
2453
1686
6923
1601
2881
9666
2852
7984
7927
8048
8604
2601
8221
7003
4481
1949
9053
1654
9015
4073
3947
1597
1672
5193
5486
4379
9823
3831
5503
8462
3418
9269
5414
3480
4557
3891
6493
4106
9980
5800
1802
7381
5942
3516
3384
4724
2851
604
311
9857
1603
2787
6061
9845
5475
4295
8901
2095
9202
8607
9306
7104
4332
8304
1106
9598
1927
296
2413
7854
9297
6913
2392
7254
8122
1847
287
9791
1238
2710
355
8733
1211
131
2927
3449
6456
5327
7329
9078
336
8363
9593
9960
1519
390
8184
1086
819
4554
4570
1135
4340
1022
1886
8705
2040
9118
1388
5587
9718
9428
6506
8575
9603
4025
5177
5103
2999
290
9819
5363
8668
7311
7765
9617
3971
2949
4773
4902
7234
2297
8502
8409
9679
2913
3505
2753
5058
1661
2800
2336
1572
4360
668
8679
413
9363
5853
293
5264
1880
7874
422
3825
1003
2818
1976
3814
8588
9650
9070
4785
8338
1969
2203
4449
990
1241
1989
3934
2552
767
4008
1924
8862
4402
8035
9514
5072
8101
8248
716
2153
9919
6015
8319
6272
364
9976
2650
1352
3945
7548
5410
7338
3388
5116
4802
8314
213
359
5222
7914
4032
5476
1582
2090
9610
1870
1443
6775
4136
5482
8251
5077
6367
1158
2614
6605
7784
8658
7652
3001
5398
5860
2719
5012
117
5240
6908
6124
9772
5412
3107
3604
5582
2255
2240
8759
2426
6303
8695
9231
8303
6180
4819
6230
4946
2970
4769
8434
3343
623
2991
9356
8376
7697
6737
1386
7504
8092
2247
949
4910
6859
8831
4499
4389
4230
7626
1102
1520
1690
1321
8332
5765
6934
7583
7391
6093
5371
3638
863
2763
2092
6890
7669
9872
9813
1621
6350
4976
4953
5060
6797
3697
1966
7431
5627
4542
9563
3595
3570
4901
4921
5278
891
8791
3267
5318
2113
2537
865
6129
6369
8365
1261
9003
7667
3197
6393
8421
504
6984
3586
5260
2467
2366
263
8846
7367
1007
1995
6388
2792
270
4670
7177
5772
7939
1118
9562
8037
3143
1219
3581
8084
4305
6448
4436
1270
4888
7334
9897
803
9185
4533
4546
5171
6387
7303
9979
4563
1996
3660
2611
5070
3528
9732
9243
8835
7411
4201
3705
2853
7393
9061
98
5383
9543
5016
5343
5196
6919
4503
1043
4638
5629
8094
6945
1826
5287
9403
121
6359
5285
7195
5983
981
5436
523
7663
8191
683
2074
5300
6925
9878
43
1997
8790
6204
8967
1685
8259
9328
8982
9108
2210
4532
5986
8195
923
1481
1753
9190
8413
8525
6845
3640
5673
2947
2762
3055
5488
6118
4084
2591
7166
2665
1470
3813
1992
5188
9837
2545
7209
6887
9455
754
1162
7838
2532
7764
5145
9743
2584
6009
8429
7463
3767
254
1101
2178
6805
5974
8104
6484
8539
8382
125
1546
5512
3170
841
9769
3459
6249
8194
2722
4927
2637
9894
4734
5368
3326
2750
1284
2144
4161
849
5796
7029
7555
9558
584
7094
2130
4367
3921
2195
5921
2629
4456
2730
2732
3257
4649
7020
1980
3454
818
4128
1197
4805
9074
9693
3064
9988
496
6213
7810
7957
6649
2690
4137
9541
669
7435
8404
5624
6286
8108
3484
25
6119
5630
3829
2241
6704
8691
9470
1031
919
3723
1889
5227
5782
1257
1318
8133
5433
8747
4506
9981
8951
7049
5712
9723
7221
5331
1746
3013
9151
3779
3801
286
7478
9114
6505
8087
7553
7053
703
8288
519
3268
9451
5208
4336
7980
9800
6638
551
6655
6079
3104
1511
3932
14
7458
240
3174
2037
22
3509
3068
1868
7710
1361
8224
4254
2494
4397
1459
4676
5925
4859
6470
3417
9993
2993
2491
1577
9429
275
3011
5261
1311
1069
8881
6077
2596
9868
193
6663
5021
4949
8107
4285
8381
424
3366
1796
9443
838
4559
4374
740
6810
512
5262
7823
6348
6531
1695
9729
4029
8648
3736
2883
2459
4512
3339
7515
1562
9353
329
8270
4442
5019
3845
9934
4109
7828
1166
2404
2886
3185
3489
6812
2443
684
5907
7758
1167
8885
8039
3043
6338
2975
1310
4995
712
371
194
630
4535
7556
4377
1533
965
1627
77
2748
3063
8263
7916
3195
5803
279
882
4300
419
8044
585
6076
4578
4796
2138
3908
4669
4121
1340
5555
7147
8450
2003
7297
3168
9170
6451
2190
1254
7969
2673
3079
2447
9498
3607
7940
5612
9678
1933
53
7007
7712
4042
3164
4661
9166
4719
9567
2086
757
3012
2377
6220
4706
7098
4617
6488
4825
302
9552
1289
7645
1228
2559
3314
9913
54
2475
8646
9643
34
8091
3093
7726
1530
6082
9499
2232
1299
1291
3057
127
6136
8042
7362
8216
1412
4293
5529
7330
2094
9765
2828
4906
7718
459
6437
6871
1400
6000
2395
335
133
6534
5981
7921
962
7703
4190
1509
1427
456
7727
6094
5996
1104
2651
7766
1737
6687
1620
7982
2014
9240
5683
3487
5362
4944
2958
5017
2214
7409
8978
8630
7278
3239
8300
1780
2281
2802
1053
5603
9192
6087
4595
5333
8640
7920
3629
2209
4279
5573
4791
8666
7210
5466
7869
8764
7845
9321
7814
9755
3306
7890
2223
4904
9839
8999
8156
2212
3084
7843
9195
4587
4510
1888
1402
7131
7647
102
3230
6116
1079
1354
5453
531
2226
6383
3139
8348
9808
6080
6426
7239
8913
4287
7395
326
4849
2893
7196
5798
2020
3415
3791
6735
9525
6262
511
1975
7442
1982
2688
3437
2322
6399
7732
538
9193
756
4080
5451
8220
6991
2835
7473
6682
9117
2657
1491
3840
3312
2946
1655
5939
7189
8983
6517
5365
2431
3292
7270
3914
292
4695
9330
9421
5745
9750
9336
3337
959
2725
3052
1666
8346
9
7811
1986
9390
3658
7883
5764
5303
2384
2631
2619
2069
9818
6035
7025
192
1480
5133
5340
9987
6126
7751
317
3261
8820
2038
2599
9227
7723
5275
8528
2976
4461
3017
7006
7933
1994
6544
7452
6689
5994
306
60
9655
2523
9853
3000
3993
823
6307
8858
9476
7105
454
631
7786
6622
3038
6739
2217
6986
2578
6998
8767
4720
69
8966
1453
2276
9824
2473
7182
696
8190
9840
4618
7348
1854
3906
9653
8532
1294
7036
3346
6953
8662
802
8614
1798
6101
9782
4037
181
1890
1945
1240
2740
5089
9233
488
3008
5744
3938
6989
9308
7736
491
3652
5836
6759
5342
144
2369
1114
2994
8631
2772
714
4781
968
7981
4992
6723
9261
7904
3780
4448
9515
6930
5471
3165
3668
7332
8638
295
5664
84
3319
96
3863
5532
3642
9113
8595
8271
8940
7614
1401
2550
1782
9464
7152
3054
1186
9129
9965
6584
5341
2468
4608
3471
119
8347
6199
1045
644
2622
9149
4866
9094
2429
2529
9978
8891
5038
8455
4948
7700
5904
9699
6536
563
7058
1955
8797
1450
912
6598
4982
6112
1411
1564
2626
8411
6532
1589
7974
1262
3440
6621
3566
9622
3833
260
1833
4663
1282
482
4307
8533
8235
5386
3205
6674
8602
805
6081
8557
3761
3989
2902
9753
2452
809
6242
5989
3743
6490
8587
2647
2496
8013
2448
1071
2313
1755
5602
9799
7050
7785
2755
7654
1947
9685
282
6500
5224
2099
9047
2016
9775
4
4909
918
6362
3022
8432
8130
6229
4204
522
8236
4083
3048
3927
7288
5920
9056
3556
6092
6005
7543
7359
3750
7888
9599
663
9856
941
4350
1366
6031
7502
937
3330
1
9532
7445
9537
8613
7711
4771
6073
111
6685
9930
7787
4913
6190
6754
4523
4715
6268
8239
3966
262
3916
9802
1473
4763
11
1164
8032
3345
8974
4864
1370
989
1436
5847
7290
3822
6366
3649
3124
1991
7635
7593
5557
478
2035
4602
420
5975
763
4629
6252
9925
4352
3496
9609
8209
4705
3420
8451
6677
4644
5381
8199
2860
3673
2185
8396
2530
3495
5530
6743
8513
2874
2258
6032
4315
6134
2635
3719
775
3997
2495
1544
8064
9080
4112
7851
6402
6022
2668
9860
2444
728
3201
7407
8076
385
587
975
9797
5769
7135
7102
9348
4831
2327
8364
8067
3670
7855
5084
142
1591
2162
942
6543
8590
4759
3907
8034
7747
3426
8760
4303
1623
1234
176
8505
6017
2370
3653
1182
7230
3585
5008
7608
2536
75
8342
8542
5358
9159
7031
2142
4145
9596
8059
2621
3053
2525
6497
9134
8168
9111
1671
7986
8273
8965
8655
6028
3875
7566
2723
328
5968
5373
9258
1394
9046
1329
332
8287
1730
2721
4384
6200
1222
6740
715
7987
6311
927
5857
8742
4686
1522
7057
122
8814
6800
6030
7924
5741
8331
4202
7485
1682
7844
1770
7312
1286
3311
1677
6327
9432
2871
6072
8063
1911
3482
8724
6090
5218
3183
7492
3214
6408
5962
9618
3304
689
3472
5507
6611
7308
6872
4255
2365
917
8879
3515
1598
7464
9576
4844
4185
7269
3690
744
7872
403
7798
8165
6838
6277
8129
3961
781
1920
5794
7759
2843
7698
8941
6334
57
8449
2375
1914
6878
5521
9447
5687
2822
1850
5160
7737
7738
6726
1525
2604
2045
2333
4708
6983
7607
8008
1308
3871
8713
6826
5481
6401
3764
9566
7078
2164
6541
8739
5253
8175
7470
5551
6280
2862
9656
8507
7930
4058
2534
7603
6893
7226
2015
274
6811
6954
7143
464
1435
4811
7258
2326
1720
1872
4464
3018
3242
5339
4482
5450
936
8140
3040
6516
1954
3870
2067
7579
4097
3729
7560
2388
3898
1859
3103
5903
3286
9762
1957
6478
7996
8927
5330
5898
1874
8788
5135
3533
7425
7907
8825
2191
5984
605
2827
4365
1979
7250
4931
1809
920
7410
4164
6948
4803
6587
734
8073
4993
5877
2253
1722
8099
3135
4462
3623
1604
2027
3062
8123
8632
8355
687
3953
8650
8762
2411
9917
3126
8036
3344
7891
2768
2998
6965
3396
933
2967
8322
2813
6131
4273
5034
5228
1939
5761
4867
9032
4657
4076
4173
5829
5242
9304
3488
5651
7207
5424
2364
9716
5174
6472
6981
7175
548
379
6793
3588
30
5404
9627
2814
6067
6651
5527
7129
8418
5569
956
5565
9938
5650
1372
4428
3514
5838
2780
3739
1930
6749
5724
2381
8205
4249
2019
6337
5950
9124
4488
2224
1208
1375
6736
5831
8612
7684
6577
9924
1456
9033
2663
4016
9888
7480
1626
5874
6949
4648
9067
2945
8834
207
7193
6269
1290
1777
3645
4443
9786
2577
7953
8736
2282
9361
7825
3565
5461
5631
8969
1740
8020
2867
708
7095
5576
9140
9315
2830
5550
8297
3358
5720
8230
2781
3975
9565
529
2284
6049
483
3592
6657
4952
555
8294
8995
4507
6459
1534
679
5665
2396
5013
4569
480
9133
9763
3307
4977
7595
8241
6332
6060
8393
1078
3572
8088
1760
339
2697
8038
3799
1089
1138
2294
489
662
8047
9365
164
9479
7204
4511
5633
8596
6581
2790
1188
8181
674
8427
7580
3815
6753
3704
6659
9268
4126
6059
4261
8744
2134
2952
6960
7903
203
9281
677
6397
4452
2287
8379
7717
8870
6117
429
768
5622
4372
1345
6163
3664
6707
6529
8207
5002
3796
4206
4713
6915
3576
9157
2201
3895
1882
7151
6822
8970
2132
788
3451
9323
2139
9161
8056
4235
1718
9005
4225
2517
9406
9948
9210
5879
6764
4370
7280
1142
7892
6970
3352
8058
2107
1926
2148
769
9358
5972
3410
6746
3251
1863
8817
4765
2157
1517
6476
1612
1385
6465
5652
8994
3399
1159
3190
3540
6313
6063
1218
7651
5306
2363
2817
5053
4591
6511
4735
1204
4935
8687
2683
2656
1178
5536
5317
1504
2043
6969
2819
9312
7739
2834
5
4188
2615
4132
2903
5932
2868
7753
7565
4934
5601
2126
8779
7022
1940
4383
8959
6596
8905
417
2795
349
2726
4212
5886
9982
48
1835
1490
702
540
2434
2068
1694
1105
3709
2251
2492
3386
9542
3413
6351
5370
6854
4965
1008
6870
103
7397
2137
3236
5669
9517
654
5911
7120
7694
3803
5854
7638
9906
7089
6244
7955
6763
8249
5180
8880
3605
7180
3568
2791
2589
8061
7770
2685
3364
7369
2218
7141
3521
6538
3972
3443
4368
4266
8452
9911
2708
9842
4346
6779
4641
7503
1397
2677
3403
9006
7913
611
1561
758
9144
3069
1916
5660
9251
3547
3435
1844
3983
7805
9859
6928
7382
4129
3278
9203
539
0
7911
1014
35
5123
1576
9130
4320
7558
6571
1091
6645
5456
9397
9918
4409
6996
9064
3115
1458
8138
4862
5417
8682
8850
9871
2179
945
5039
6374
7306
2923
1155
7601
9814
4019
6914
2111
1356
9287
2060
7743
4732
3450
1805
5036
3446
5207
2625
9115
6756
9400
2031
6209
6222
6008
8100
2808
2556
3402
105
5965
9221
1608
6109
9030
4878
3838
9534
6152
8684
8210
7754
690
814
8619
9815
7291
6713
8475
8518
4876
706
1941
4393
7298
6251
7863
5740
8483
3501
5873
5081
7082
2869
3184
7133
3936
5648
4130
6963
2505
4270
3967
6392
3620
1609
9156
2565
2659
6050
8688
2937
3512
5837
3342
5213
6302
9341
7578
7028
3606
6412
469
434
8519
5221
6445
4764
9223
691
8339
6088
6296
7394
8499
6390
3886
8976
6024
1464
5153
1156
1059
8563
3784
8157
4950
2088
1837
8493
7038
6938
6988
2436
2987
6084
8769
6601
3669
603
5813
4854
2277
2230
9738
409
1304
7261
4419
2280
5027
6483
5396
657
4813
9817
3455
4684
5149
7615
6187
8477
8813
1057
1619
3775
4886
6693
5140
7220
4459
1214
2332
3361
5698
6453
8819
3646
4004
5585
8725
5966
7389
8290
2634
2757
3698
976
211
6492
8685
4515
7436
455
3444
8295
6212
8883
2846
1660
9681
4650
7935
6721
4049
4064
1446
5353
5897
1998
2981
1759
5861
1223
3095
301
406
8838
6840
3289
4573
7013
5344
7646
7644
212
2219
3028
7490
8855
4247
1793
6454
7211
412
4807
5087
7574
4777
978
8180
928
843
2658
2311
6349
5415
4298
9651
3127
8406
2150
1651
7268
4537
8464
5302
2318
1239
9055
7307
741
2352
3720
5541
6265
7547
4926
3772
7262
1245
3051
4651
513
625
7430
618
7721
1687
3082
9257
3226
8443
6216
6734
1368
6184
2243
9757
2250
5280
2055
1724
4712
7162
7866
4180
7042
4094
8740
1027
6414
9893
8720
3169
1235
2005
7910
5437
6495
9014
3182
5806
7067
2414
659
7064
1181
5600
3369
1012
2073
1811
6078
1871
4970
5953
6105
7779
1351
1549
3161
8624
5273
2159
8386
5818
6461
1041
4497
2751
5243
2265
8461
6207
4778
7978
4480
8861
8569
9794
6732
2649
2350
9796
4035
8160
7198
982
356
1749
4615
7889
4717
1072
4222
4257
7459
8260
5731
4105
6071
6097
1221
8335
6432
7304
3890
9244
4169
4575
8391
4574
7235
1906
410
9708
2521
5609
9029
5408
8154
5671
4750
8843
386
2574
2316
8599
9001
3406
2744
1905
9486
1538
985
7704
3147
1876
7386
1137
2922
9457
8151
8136
3809
6166
4696
3099
5411
8159
8401
3260
334
3031
3990
7429
6264
8504
3438
6319
1587
1691
9345
3452
1962
2353
7404
2641
8696
7895
8027
8583
5379
9999
5805
5315
9237
4943
7936
2283
4917
8556
8566
5804
3688
4783
3299
8309
1176
1259
6628
6562
577
3522
7777
528
5756
8830
5179
8198
7361
5463
6613
8343
7223
5656
9171
50
693
1268
7138
2231
1803
8215
2892
866
4280
2807
1417
4958
3145
517
2548
6626
8071
6580
7622
1902
7421
4623
56
3970
95
5439
6036
2306
7885
8006
7655
1461
7656
4589
5865
297
9246
4599
8772
414
7351
6829
7525
6098
5492
2103
1657
8953
4527
2420
3003
3786
8672
3979
9928
5241
5632
6255
4985
610
2324
9041
8211
2831
4375
3959
6527
9023
9959
8892
3582
9502
5882
5657
7108
8780
4146
360
6825
9579
5923
7619
7852
8789
9148
5579
6001
6375
9063
1266
4278
8765
2359
6185
3046
3250
7699
2583
1153
1972
1946
2546
5389
1855
1113
4099
2291
5684
8629
4175
9951
1449
9551
5069
4665
5489
2678
9522
960
967
4922
7749
2425
1978
6977
8377
5931
1090
4879
4742
7203
2221
5407
5357
4277
2301
709
971
8166
7901
3910
7848
8425
5537
7420
8712
7958
5235
3121
3918
3981
9372
4490
2502
2175
9531
9974
6054
4744
8636
4823
6691
5270
7803
1907
5490
6697
1680
8950
6355
7664
9508
1656
352
5771
4653
9714
7585
2100
9789
7709
595
5511
9362
8081
6615
7961
3039
3100
2617
3378
3964
4551
8031
6959
5999
4228
7126
3175
4243
387
6420
7706
4070
1931
1399
2486
2675
4079
5969
4606
1551
4666
1062
6297
3539
4114
1697
1823
5914
6352
9008
6630
9347
2566
5655
1779
3262
1410
3153
7856
9250
4153
2606
1641
2580
7358
61
3948
4755
107
704
1278
5109
7481
5335
8882
556
7097
9764
1200
9833
3773
9910
7948
9431
8758
5597
3955
21
6070
9745
4268
5625
4549
471
8798
291
2557
857
6858
549
567
6386
5702
2215
1563
2275
9254
9962
5588
3856
7213
4433
6654
9875
9695
3123
3610
785
6494
3513
9325
5786
1346
7740
9676
6133
8512
5321
8016
6907
9217
6546
3598
3328
4403
2504
4252
7873
8698
5791
8395
1684
7140
5266
7456
9727
78
1237
136
5501
7065
5128
6320
4237
4646
622
7659
6727
7989
8794
1865
7398
268
5101
5350
9283
497
4289
8333
7623
8938
6874
2602
6123
2926
4675
5936
4655
3
8722
5556
4451
673
6848
6964
8787
1081
186
1971
6966
6985
7383
3792
4572
3506
6263
573
6686
2204
6851
3899
8708
5938
394
9513
8072
2183
6886
8119
8926
353
1742
650
9492
2356
2098
1721
5797
7813
146
8702
6344
2924
1693
9194
6159
4536
954
6325
9879
745
309
6438
3651
1659
2543
348
5893
7643
8317
1416
4385
2960
4470
4439
3252
6256
4425
2234
3548
6154
3050
1213
9324
1788
2189
1934
4830
3144
9145
8321
2761
3479
9224
2122
9838
3842
6419
2172
7604
1083
118
5641
2579
2120
3544
6188
7055
1128
9483
1149
904
4504
7489
4932
8859
3154
4301
2797
4860
4700
4579
550
7191
3385
2216
3976
4116
534
5790
3579
7634
591
1380
9418
8683
7800
4078
5564
2704
7440
3797
8428
5219
845
6576
7400
3491
7674
73
8833
6717
9700
1300
7217
9393
2986
8904
5949
839
695
6776
6772
4398
2890
8568
2712
8387
64
3327
2039
6917
1828
6720
9198
5820
1781
5930
2173
7925
2769
5080
6906
7011
5583
7045
5138
4314
7782
1993
3166
4693
4809
6751
8914
8096
1698
2666
9009
2756
3755
1273
9703
451
6603
2815
3849
1815
1129
1419
9509
8120
5263
5170
3056
4211
5211
9646
6701
8389
9545
5126
7116
9172
8761
6271
6841
6666
3375
8487
1243
7201
4726
340
4418
9923
445
7905
4877
850
1667
7487
8488
3117
817
9540
7331
4616
108
7443
3211
8373
234
5277
4181
4195
2938
4694
7600
3125
698
2891
6627
1220
330
3943
908
5403
2256
9234
8868
8453
8608
8369
9313
5290
5958
8811
9359
4286
9741
9785
1407
8678
2317
5442
4850
479
373
8603
9742
1944
9208
2907
3758
8909
4957
2789
2644
436
1267
5395
5571
4513
9608
9639
6566
4836
9816
8469
8196
6055
3507
2866
2703
3225
4020
8589
9412
5047
3004
1212
609
195
2059
5595
8245
886
5757
9409
5307
7768
6113
1475
5497
5592
9792
1034
1264
8530
4060
4407
5284
3523
1202
7928
2873
3573
8793
5783
2575
7190
2610
7486
5388
9661
7088
1744
9086
7639
7818
3245
7952
3212
833
8424
6103
7879
7314
4271
5375
250
7519
2071
7862
6321
7880
6641
8316
2962
1184
894
9025
9024
7233
738
9809
2840
1899
2368
2273
1271
395
9864
1822
2912
4592
8178
2516
2540
1829
4265
1935
1713
1817
2995
8228
6228
9942
9544
3994
6770
2400
3663
7388
315
5301
852
501
1891
12
1215
58
85
6647
7437
5200
4061
8531
7902
2764
7225
1373
4930
6554
2911
2581
5941
9296
3223
5409
8958
9519
7219
7735
2136
2844
5257
6916
4331
9865
5826
323
209
1357
170
5738
7347
7536
9912
9659
3073
5858
2767
851
5851
2679
4671
6021
5670
3320
6452
2898
5528
1708
9704
3848
5022
45
2501
7912
2812
9434
705
8414
4863
7682
876
1169
2260
9688
4205
4026
9606
6514
6897
9956
3025
1207
6464
5554
7161
671
3675
7176
172
2854
222
8522
6559
6343
6796
713
7281
1451
1527
398
7282
20
2711
8643
6218
5097
9232
1652
3297
5478
3109
2811
8479
4610
9590
973
2458
363
4364
5628
7051
7975
6295
7446
2347
6895
9309
4468
5400
816
8480
4214
198
9958
1723
5234
6875
4416
2739
7423
2143
9971
8206
1476
995
7333
8385
554
1046
8172
8948
9126
55
4213
1513
7941
8307
5127
575
7877
5076
561
2899
3080
6323
2720
4427
8924
1875
9266
5314
6846
2870
8125
7545
8714
7356
1060
2542
161
6574
2833
7205
6062
7449
8441
7724
8763
6967
9318
3530
7859
3599
5640
6356
7441
2488
4857
2385
8417
9607
7365
1583
4628
6335
3461
4939
1095
6205
2262
1483
3216
1973
6643
7875
9780
344
9253
7598
9882
8718
99
4790
9810
2766
596
9538
8564
5172
9497
1452
8002
615
7713
6206
5165
6653
9394
2320
1384
5935
1127
5473
288
8438
4391
5356
7251
2481
5090
7455
5960
4345
7100
7675
3738
5458
2427
1819
9602
7092
9381
9594
9000
932
7761
994
3360
752
1531
5491
5674
8506
5700
2127
6003
6132
2049
9103
7384
4937
6671
9964
2705
3077
2270
5086
9057
1457
4667
9143
6856
4547
2587
6475
9891
4135
5163
9751
1478
8961
1029
8792
7618
1494
916
7259
4961
1177
7122
2006
5308
8062
6771
3798
8888
3448
5870
6310
7788
6552
761
7408
2093
2483
6389
1260
570
5509
2430
8869
4501
8407
6852
226
2863
5066
4233
8380
5912
3323
3033
8308
5134
8709
8144
6547
1406
8844
3456
3722
8523
7513
3846
3274
2694
6850
3724
9734
5538
9407
8559
907
8278
5158
416
9588
8390
2056
8605
5009
6619
6172
7402
3468
6535
9301
7688
3817
9218
5364
7833
4565
8500
1565
153
4760
4229
8219
6148
8022
8444
59
5498
2487
9439
4463
2403
3207
7123
3442
7534
9184
5011
853
7012
8065
7915
3367
4457
1017
6340
2340
8202
3254
6330
2925
2141
2715
5773
3478
3873
4593
6590
800
3108
7285
101
5723
2805
6041
380
168
3892
4445
670
5718
7778
3608
241
3381
8824
8033
6394
8573
4494
7454
1471
2257
8706
7305
23
3965
521
8234
3661
8242
5959
3820
4388
8651
8370
4119
675
3035
2302
7683
9087
2493
7632
7976
4842
5514
500
9671
4973
4690
7432
1405
4698
8735
381
6569
8481
4577
3171
4294
958
9468
6304
7320
255
4102
8554
5927
8024
564
9413
8968
8318
8344
6398
7537
2457
862
9292
2424
2612
3624
4371
5599
9600
3710
5210
4564
3926
9182
3315
6278
5910
8509
7222
8345
664
2182
3980
8173
4821
1702
854
7289
1806
9247
9405
216
9058
3120
5871
140
6940
2017
1364
9360
877
9417
3466
7130
7719
1120
3244
8182
1292
2314
835
1783
8711
7069
2533
3872
92
8161
997
6236
7243
5890
2864
4817
7522
7467
5286
9991
4244
3280
7427
2135
8845
5990
5231
1928
1098
8670
1391
4005
1326
624
9142
3753
593
6147
3273
2594
3383
4221
5452
6329
2042
5688
2518
737
808
1825
5661
503
2692
2383
5299
2184
700
3836
4914
887
7501
2393
4256
4619
1929
9749
2437
8132
5267
8152
6023
6600
6385
7185
782
6443
8716
8097
5581
3942
3462
7134
9578
5862
640
4544
8795
2895
8866
874
9728
6974
574
952
2451
1752
3149
8378
6561
3425
5777
4612
4748
2786
7214
1054
5151
1040
8279
4566
635
2382
3263
9396
1296
5891
7461
5593
5048
8163
1570
2638
6471
9060
8240
1592
4176
7830
4413
1545
8863
9701
5916
7994
1858
5015
7648
6468
6548
9416
7577
871
5755
6037
3409
5093
3490
8282
1812
2771
9188
5742
929
7072
9526
8877
2573
5159
5546
6715
8652
1365
5615
4918
24
3748
6274
6637
3818
8852
9787
278
4455
722
7415
8137
4522
7512
2670
4023
3163
3325
7165
3850
8103
9235
3728
6523
3541
9975
1574
9175
2160
5762
114
8021
1842
5144
2391
8167
7870
5464
7627
9487
9295
514
3712
4150
5294
597
442
5605
7273
1689
729
7323
8848
5334
5662
7630
5215
6245
4875
943
9004
4598
1085
7516
1832
281
1683
2974
9077
3146
824
3903
4198
8492
9657
5309
1516
9054
8510
8185
6235
3618
8090
2041
6512
3999
8275
5614
1076
4227
3858
6660
8727
6473
476
875
3335
5244
2696
6237
1462
9557
5697
6537
5055
2588
3400
6499
6522
762
31
4562
8460
6354
1856
5276
2693
9721
3206
2080
6450
1250
8829
846
7587
2825
1558
6202
8552
9480
9807
502
7559
6861
6750
1338
2810
5065
8993
7829
896
5730
820
8508
2686
5707
7345
267
2990
9776
9391
9795
9690
7325
5951
1951
5524
4292
7228
63
6091
6029
1750
3288
8634
733
1279
7557
1103
5952
235
307
3256
6058
8816
5354
2432
6358
6629
4584
970
4757
2398
5993
7066
4477
3508
8734
2598
6980
3862
17
1799
8644
71
7959
7352
8943
2371
393
6795
4357
2618
6706
319
1055
7059
5421
9773
2428
8615
829
3463
6678
5768
5934
2374
6881
2408
2198
3128
9555
4160
2119
7886
7612
3828
798
4015
880
177
5713
148
6542
1236
1673
5199
7419
3350
8011
276
1175
2564
3776
9667
1881
1807
7588
1136
1965
2344
1502
7505
396
372
8299
4969
6884
7746
8436
8553
2928
3202
9746
1489
7538
5214
5366
7750
901
5677
4880
730
6162
2724
3259
7292
7993
8000
653
2155
1566
4954
9637
7247
1616
6221
2773
7708
6016
4088
8600
8388
7780
2278
9759
5416
4103
7808
7900
1309
6612
7842
4779
1285
2325
3707
3584
2728
5141
993
6145
3467
5380
4144
2576
5191
5559
3371
8997
2308
3746
4711
3995
5185
8068
3742
9449
6253
2293
5995
4414
9536
3687
9995
457
1853
5202
1919
4395
1738
5212
3429
253
4722
1849
4800
1108
6142
9155
3550
1305
3089
3436
1134
5613
9038
3832
6115
6892
779
3465
7691
3152
3277
5297
5062
9098
6782
2977
3609
271
5970
6427
5085
4030
8250
8935
5750
4223
7853
7571
9152
3587
346
2646
6510
6588
7812
9548
9896
6376
8897
3647
32
4118
3336
7155
4183
9831
794
169
8915
2077
9731
2978
3477
9374
5293
6306
5636
8730
1482
7671
1328
6160
6120
524
8543
1512
5830
5493
3441
7119
8440
8324
5510
2166
1013
7554
9694
5828
9383
7236
6591
7174
5758
1921
4322
1999
7748
2102
5406
7529
8098
2197
2713
6342
3982
7809
7380
6498
7271
1383
5311
8467
7212
7085
3424
8673
4516
308
1206
1160
4392
4253
6424
9288
7733
104
6710
7009
7293
1922
4217
7835
4052
4309
6406
1795
5801
3879
9272
6597
7494
6614
6781
552
8311
4679
3334
3494
3419
3356
1441
4607
7179
8254
3695
9187
9500
1771
6864
2681
7357
8121
2121
3111
2361
8285
4485
4192
5239
3228
8158
5351
5050
2114
6418
4274
6102
7963
1528
7112
411
5513
3968
4318
2783
1699
6702
3956
8692
5895
7439
6219
7110
8419
1191
6839
9998
557
5182
310
771
9636
6191
1393
4027
6108
935
7678
7000
9915
6518
3852
8521
629
1319
9488
2330
8580
980
2804
7701
9568
8802
3616
5201
4415
3648
7495
2081
2484
7796
7113
7858
8775
4143
4326
9961
446
6169
9820
559
8689
8728
5816
5499
6533
2338
9647
1190
5427
9546
4710
5928
6128
6095
7878
6195
617
7729
7374
3085
7677
2689
3559
6038
3192
1668
9869
3785
895
9605
1532
154
3159
7991
6232
3992
7762
5043
3322
8574
2524
5472
9354
9189
5515
8329
6074
5150
9564
830
1389
8936
3083
579
9073
4435
5067
2200
5946
341
190
4405
1341
6404
5604
433
4110
6298
9758
5647
4558
354
6698
7493
4438
7091
1350
9801
8398
1540
8621
3047
666
987
1714
5506
6487
3693
9183
4133
9977
4057
9691
6125
4824
4092
1681
2464
6151
5899
9970
6324
7017
1414
7681
7084
4410
7549
7897
4639
8841
1748
7265
6433
5843
5856
6673
201
7631
9334
4366
1649
9401
3807
9271
9826
2512
4524
9843
1283
1813
1151
1145
572
1985
6227
1170
3116
3209
4241
8674
7040
8663
5446
9811
5230
4312
3781
7476
6183
8049
7640
8812
1344
5909
1575
9559
3694
9803
3433
2567
7561
4090
7041
7898
3397
7728
4762
1425
6885
9798
3644
358
8520
2123
9162
9849
6929
1467
2194
5075
793
4528
8066
6316
2507
4434
7080
5326
8416
6681
8746
1580
3044
3855
9367
2168
9338
3389
5973
4967
9209
6669
1496
9889
533
3963
6757
1051
5098
8292
5577
8784
2961
5695
9081
8701
870
9066
5283
9673
9640
6225
9425
1642
4514
4981
6553
3731
4994
5774
4390
4581
2000
6550
9436
1593
2360
6308
7245
4158
6007
5967
6371
1074
1360
5192
1910
3176
1613
6111
6045
4328
6558
7341
6855
5617
6799
8986
8223
9017
1567
682
1216
6259
5574
3744
8262
6486
2742
6951
9774
1830
1063
1725
8426
7714
7368
8857
7019
4745
8470
2943
9382
4749
4034
6592
8581
3636
1150
5822
3026
3853
6733
5748
6716
2193
8177
5948
6033
3827
9929
1398
2910
2319
8476
7160
5268
6993
9298
2303
6056
1205
9939
3857
5835
9683
2798
7090
1047
4899
3578
2307
3631
6020
8281
4594
8111
6705
7507
3637
8023
7327
3958
7582
1554
7868
5003
7850
8305
5443
8276
4068
9937
721
5570
1230
8473
6560
1510
5560
3142
4647
773
4171
3689
7894
3032
327
3298
2671
8985
4600
8693
2409
2268
283
697
6995
115
8005
804
2140
3752
6662
911
1327
4290
3708
7488
9112
7274
1325
2901
179
1518
8954
4966
5393
583
5922
5566
5978
5033
1432
8776
5686
9076
9398
5118
6962
3432
545
4380
5998
1032
3536
1281
2220
1701
5479
3901
1762
3611
1792
5119
4502
2968
1767
3379
4903
807
7672
135
7673
1115
8937
5187
1315
4209
470
906
7240
3217
9420
4440
2702
6226
7649
1728
3614
5749
2112
951
7158
6902
6282
4063
6430
1732
1745
9018
1460
3049
9932
7831
6777
6690
9320
7283
1355
1638
4900
9026
8394
1521
2402
3844
5944
9274
688
1614
3414
3837
6403
3601
7466
3372
9702
5440
6083
9616
6025
7416
4178
5024
1323
5438
2076
3839
42
9687
4098
7520
8732
5875
5255
1143
7224
230
2779
9677
5041
9368
6150
9770
2472
1747
9642
1765
7532
15
3716
9474
9207
2652
8486
1786
7731
9284
7551
8992
649
1390
37
8075
3700
272
6633
1161
3665
2859
2775